,home_team,away_team,defteam,yardline_100,fourth_down_converted,pass_length,penalty,down,yards_after_catch,play_type,game_seconds_remaining,air_yards,total_home_score,total_away_score,ydstogo,yards_gained,year
0,CHI,GB,GB,33.0,0.0,,0.0,4.0,,run,1140.0,,3,7,10,3,2019
1,CHI,GB,GB,84.0,0.0,,0.0,4.0,,pass,69.0,,3,10,8,-11,2019
2,PHI,WAS,WAS,29.0,0.0,short,0.0,4.0,,pass,2452.0,0.0,0,10,2,0,2019
3,PHI,WAS,WAS,66.0,1.0,,0.0,4.0,,run,1683.0,,7,20,1,2,2019
4,PHI,WAS,PHI,59.0,1.0,short,0.0,4.0,2.0,pass,146.0,6.0,32,20,7,8,2019
5,PHI,WAS,PHI,53.0,1.0,short,0.0,4.0,20.0,pass,85.0,-2.0,32,20,12,18,2019
6,NYJ,BUF,NYJ,36.0,0.0,,0.0,4.0,,run,2035.0,,6,0,1,0,2019
7,NYJ,BUF,BUF,66.0,1.0,,0.0,4.0,,run,120.0,,16,17,1,1,2019
8,NYJ,BUF,BUF,60.0,0.0,deep,0.0,4.0,,pass,77.0,17.0,16,17,10,0,2019
9,MIN,ATL,MIN,20.0,1.0,deep,0.0,4.0,0.0,pass,565.0,20.0,28,6,5,20,2019
10,MIN,ATL,MIN,23.0,1.0,short,0.0,4.0,0.0,pass,87.0,5.0,28,6,2,5,2019
11,MIA,BAL,MIA,70.0,1.0,,0.0,4.0,,run,1979.0,,3,35,1,60,2019
12,MIA,BAL,MIA,3.0,1.0,short,0.0,4.0,1.0,pass,570.0,2.0,10,58,3,3,2019
13,CLE,TEN,TEN,48.0,0.0,short,0.0,4.0,,pass,341.0,11.0,13,36,13,0,2019
14,CLE,TEN,TEN,67.0,0.0,,0.0,4.0,,run,81.0,,13,43,2,1,2019
15,LAC,IND,LAC,49.0,1.0,short,0.0,4.0,4.0,pass,214.0,4.0,24,16,3,8,2019
16,SEA,CIN,SEA,36.0,0.0,,0.0,4.0,,run,1027.0,,14,17,1,0,2019
17,TB,SF,SF,2.0,0.0,short,0.0,4.0,,pass,787.0,2.0,14,20,2,0,2019
18,TB,SF,SF,37.0,0.0,deep,0.0,4.0,,pass,61.0,35.0,17,31,6,0,2019
19,DAL,NYG,DAL,44.0,0.0,deep,0.0,4.0,,pass,1809.0,44.0,21,7,5,0,2019
20,DAL,NYG,DAL,40.0,1.0,short,0.0,4.0,0.0,pass,1710.0,11.0,21,7,8,11,2019
21,DAL,NYG,DAL,7.0,0.0,,0.0,4.0,,pass,1224.0,,28,10,1,-4,2019
22,ARI,DET,ARI,90.0,0.0,deep,0.0,4.0,,pass,5.0,40.0,27,27,24,0,2019
23,NE,PIT,NE,47.0,0.0,short,0.0,4.0,,pass,1920.0,4.0,17,0,1,0,2019
24,NE,PIT,NE,45.0,0.0,short,0.0,4.0,,pass,752.0,13.0,30,3,9,0,2019
25,NE,PIT,NE,32.0,1.0,short,0.0,4.0,2.0,pass,36.0,4.0,33,3,2,6,2019
26,NO,HOU,NO,21.0,1.0,,0.0,4.0,,run,2659.0,,0,6,1,21,2019
27,CAR,TB,TB,47.0,0.0,,0.0,4.0,,run,3220.0,,0,0,1,0,2019
28,CAR,TB,TB,45.0,0.0,deep,0.0,4.0,,pass,705.0,25.0,14,17,1,0,2019
29,CAR,TB,TB,2.0,0.0,,0.0,4.0,,run,88.0,,14,20,1,0,2019
30,BAL,ARI,ARI,43.0,0.0,deep,0.0,4.0,,pass,2979.0,20.0,7,0,3,0,2019
31,BAL,ARI,BAL,47.0,1.0,short,0.0,4.0,3.0,pass,2536.0,2.0,10,3,2,5,2019
32,WAS,DAL,DAL,31.0,1.0,short,0.0,4.0,4.0,pass,1298.0,8.0,7,21,7,12,2019
33,WAS,DAL,DAL,46.0,0.0,short,0.0,4.0,,pass,667.0,5.0,14,24,3,0,2019
34,WAS,DAL,DAL,6.0,1.0,short,0.0,4.0,0.0,pass,173.0,5.0,14,31,4,5,2019
35,TEN,IND,TEN,65.0,1.0,,0.0,4.0,,run,144.0,,17,19,1,1,2019
36,TEN,IND,IND,45.0,0.0,short,0.0,4.0,,pass,13.0,0.0,17,19,2,0,2019
37,PIT,SEA,PIT,33.0,1.0,,0.0,4.0,,run,120.0,,26,28,1,2,2019
38,NYG,BUF,BUF,15.0,1.0,short,0.0,4.0,3.0,pass,785.0,6.0,7,21,2,9,2019
39,NYG,BUF,BUF,58.0,0.0,short,0.0,4.0,,pass,306.0,15.0,14,28,10,0,2019
40,CIN,SF,SF,26.0,0.0,deep,0.0,4.0,,pass,245.0,19.0,10,41,11,0,2019
41,CIN,SF,SF,66.0,1.0,deep,0.0,4.0,50.0,pass,56.0,16.0,16,41,4,66,2019
42,DET,LAC,LAC,35.0,1.0,short,0.0,4.0,0.0,pass,486.0,4.0,6,10,1,4,2019
43,GB,MIN,MIN,25.0,0.0,,0.0,4.0,,run,1897.0,,21,7,1,-2,2019
44,HOU,JAX,JAX,2.0,1.0,,0.0,4.0,,run,701.0,,12,3,1,2,2019
45,HOU,JAX,HOU,59.0,1.0,,0.0,4.0,,run,139.0,,13,6,1,1,2019
46,HOU,JAX,HOU,31.0,1.0,,0.0,4.0,,run,52.0,,13,6,10,18,2019
47,MIA,NE,NE,50.0,1.0,short,0.0,4.0,5.0,pass,433.0,5.0,0,37,5,10,2019
48,MIA,NE,NE,53.0,0.0,short,0.0,4.0,10.0,pass,357.0,7.0,0,37,23,17,2019
49,MIA,NE,NE,41.0,0.0,short,0.0,4.0,,pass,314.0,9.0,0,37,10,0,2019
50,MIA,NE,NE,36.0,1.0,short,0.0,4.0,7.0,pass,18.0,5.0,0,43,10,12,2019
51,OAK,KC,KC,56.0,1.0,,0.0,4.0,,run,546.0,,10,28,2,8,2019
52,LA,NO,LA,52.0,0.0,,0.0,4.0,,run,1967.0,,3,3,1,0,2019
53,DEN,CHI,CHI,45.0,1.0,short,0.0,4.0,7.0,pass,527.0,-3.0,6,13,2,4,2019
54,DEN,CHI,CHI,43.0,1.0,short,0.0,4.0,0.0,pass,145.0,10.0,6,13,10,10,2019
55,DEN,CHI,CHI,12.0,1.0,short,0.0,4.0,0.0,pass,62.0,5.0,6,13,3,5,2019
56,DEN,CHI,DEN,60.0,1.0,deep,0.0,4.0,0.0,pass,9.0,25.0,14,13,15,25,2019
57,ATL,PHI,ATL,4.0,1.0,short,0.0,4.0,0.0,pass,1203.0,4.0,17,12,4,4,2019
58,ATL,PHI,PHI,54.0,1.0,short,0.0,4.0,55.0,pass,140.0,-1.0,23,20,3,54,2019
59,ATL,PHI,ATL,61.0,1.0,deep,0.0,4.0,2.0,pass,89.0,41.0,24,20,14,43,2019
60,ATL,PHI,ATL,16.0,0.0,short,0.0,4.0,0.0,pass,38.0,7.0,24,20,8,7,2019
61,NYJ,CLE,CLE,12.0,0.0,short,0.0,4.0,7.0,pass,1129.0,-6.0,3,16,2,1,2019
62,NYJ,CLE,CLE,44.0,0.0,short,0.0,4.0,0.0,pass,775.0,1.0,3,23,3,1,2019
63,JAX,TEN,JAX,11.0,0.0,,0.0,4.0,,pass,1591.0,,14,0,6,-9,2019
64,JAX,TEN,TEN,4.0,0.0,short,0.0,4.0,,pass,208.0,4.0,20,7,4,0,2019
65,PHI,DET,DET,78.0,0.0,,0.0,4.0,,run,145.0,,24,27,8,6,2019
66,PHI,DET,DET,55.0,0.0,deep,0.0,4.0,,pass,49.0,53.0,24,27,15,0,2019
67,NE,NYJ,NE,76.0,0.0,short,0.0,4.0,0.0,pass,56.0,4.0,30,14,13,4,2019
68,MIN,OAK,MIN,66.0,1.0,,0.0,4.0,,run,1220.0,,28,7,1,18,2019
69,MIN,OAK,MIN,39.0,0.0,,0.0,4.0,,run,1099.0,,28,7,1,0,2019
70,MIN,OAK,MIN,44.0,1.0,short,0.0,4.0,2.0,pass,720.0,4.0,31,7,3,6,2019
71,KC,BAL,KC,9.0,1.0,,0.0,4.0,,run,3008.0,,0,0,3,7,2019
72,KC,BAL,KC,66.0,1.0,,0.0,4.0,,run,2606.0,,7,6,1,5,2019
73,KC,BAL,KC,53.0,0.0,short,0.0,4.0,,pass,2438.0,2.0,7,6,2,0,2019
74,KC,BAL,BAL,41.0,0.0,,0.0,4.0,,run,1381.0,,23,13,1,0,2019
75,KC,BAL,KC,27.0,1.0,deep,0.0,4.0,1.0,pass,801.0,24.0,30,13,5,25,2019
76,GB,DEN,GB,1.0,1.0,,0.0,4.0,,run,1265.0,,24,16,1,1,2019
77,GB,DEN,GB,51.0,0.0,,0.0,4.0,,pass,143.0,,27,16,17,-6,2019
78,DAL,MIA,DAL,51.0,1.0,short,0.0,4.0,0.0,pass,427.0,8.0,24,6,6,8,2019
79,DAL,MIA,DAL,38.0,0.0,short,0.0,4.0,-1.0,pass,335.0,0.0,24,6,5,-1,2019
80,DAL,MIA,DAL,40.0,0.0,,0.0,4.0,,run,43.0,,31,6,2,1,2019
81,TB,NYG,NYG,41.0,1.0,,0.0,4.0,,run,3414.0,,0,0,1,3,2019
82,TB,NYG,TB,7.0,1.0,,0.0,4.0,,run,81.0,,31,31,5,7,2019
83,ARI,CAR,CAR,37.0,1.0,,0.0,4.0,,run,1174.0,,17,21,1,2,2019
84,SF,PIT,SF,80.0,0.0,short,0.0,4.0,,pass,41.0,10.0,24,20,12,0,2019
85,SEA,NO,NO,41.0,0.0,,0.0,4.0,,run,1957.0,,7,13,1,-1,2019
86,SEA,NO,SEA,1.0,1.0,short,0.0,4.0,1.0,pass,1367.0,0.0,7,26,1,1,2019
87,SEA,NO,NO,13.0,0.0,short,0.0,4.0,,pass,1072.0,13.0,7,27,5,0,2019
88,SEA,NO,NO,34.0,1.0,deep,0.0,4.0,2.0,pass,804.0,19.0,7,27,3,21,2019
89,SEA,NO,NO,72.0,0.0,deep,0.0,4.0,,pass,587.0,37.0,14,27,1,0,2019
90,LAC,HOU,HOU,57.0,1.0,short,0.0,4.0,0.0,pass,127.0,15.0,20,27,13,15,2019
91,LAC,HOU,HOU,34.0,1.0,,0.0,4.0,,run,65.0,,20,27,2,4,2019
92,CLE,LA,LA,40.0,0.0,,0.0,4.0,,run,559.0,,13,17,9,2,2019
93,CLE,LA,LA,4.0,0.0,short,0.0,4.0,,pass,33.0,4.0,13,20,4,0,2019
94,WAS,CHI,CHI,2.0,1.0,short,0.0,4.0,0.0,pass,795.0,2.0,15,28,2,2,2019
95,WAS,CHI,CHI,56.0,1.0,short,0.0,4.0,0.0,pass,611.0,7.0,15,28,1,7,2019
96,WAS,CHI,CHI,16.0,0.0,,0.0,4.0,,run,428.0,,15,28,1,-2,2019
97,GB,PHI,PHI,1.0,0.0,short,0.0,4.0,,pass,548.0,1.0,27,34,1,0,2019
98,ATL,TEN,TEN,39.0,0.0,,0.0,4.0,,run,2157.0,,7,17,1,-1,2019
99,ATL,TEN,TEN,30.0,0.0,,0.0,4.0,,pass,1218.0,,10,24,1,-9,2019
100,ATL,TEN,ATL,10.0,0.0,,0.0,4.0,,run,794.0,,10,24,1,-2,2019
101,ATL,TEN,TEN,82.0,1.0,short,0.0,4.0,1.0,pass,746.0,7.0,10,24,4,8,2019
102,ATL,TEN,TEN,25.0,0.0,,0.0,4.0,,pass,436.0,,10,24,4,-1,2019
103,NYG,WAS,WAS,24.0,1.0,short,0.0,4.0,1.0,pass,3401.0,4.0,0,0,2,5,2019
104,MIA,LAC,LAC,54.0,0.0,short,0.0,4.0,5.0,pass,240.0,-3.0,10,30,12,2,2019
105,IND,OAK,OAK,46.0,1.0,short,1.0,4.0,1.0,pass,1887.0,5.0,10,21,3,6,2019
106,IND,OAK,IND,42.0,1.0,,0.0,4.0,,run,1412.0,,10,21,1,1,2019
107,IND,OAK,OAK,82.0,1.0,,0.0,4.0,,run,539.0,,10,24,2,4,2019
108,IND,OAK,OAK,48.0,1.0,deep,0.0,4.0,21.0,pass,79.0,27.0,23,31,6,48,2019
109,DET,KC,DET,66.0,1.0,,0.0,4.0,,run,115.0,,30,27,8,15,2019
110,BAL,CLE,BAL,8.0,1.0,,0.0,4.0,,run,1830.0,,7,7,1,1,2019
111,BAL,CLE,CLE,69.0,0.0,short,0.0,4.0,,pass,499.0,4.0,18,30,3,0,2019
112,BAL,CLE,CLE,74.0,1.0,short,0.0,4.0,16.0,pass,69.0,13.0,18,40,5,29,2019
113,BUF,NE,NE,1.0,1.0,,0.0,4.0,,run,1540.0,,9,13,1,1,2019
114,BUF,NE,NE,3.0,0.0,short,0.0,4.0,,pass,650.0,0.0,10,16,3,0,2019
115,LA,TB,TB,40.0,0.0,short,0.0,4.0,,pass,1074.0,-3.0,20,31,2,0,2019
116,CHI,MIN,MIN,43.0,1.0,,0.0,4.0,,run,3314.0,,0,0,1,1,2019
117,CHI,MIN,MIN,34.0,1.0,short,0.0,4.0,0.0,pass,1922.0,5.0,7,0,3,5,2019
118,CHI,MIN,CHI,69.0,1.0,deep,0.0,4.0,10.0,pass,1009.0,29.0,16,0,4,39,2019
119,CHI,MIN,CHI,74.0,0.0,short,0.0,4.0,,pass,140.0,4.0,16,6,5,0,2019
120,CHI,MIN,MIN,28.0,0.0,,0.0,4.0,,run,30.0,,16,6,12,1,2019
121,DEN,JAX,DEN,15.0,1.0,,0.0,4.0,,run,1316.0,,17,6,1,2,2019
122,NO,DAL,NO,57.0,0.0,,0.0,4.0,,run,1896.0,,6,3,1,1,2019
123,PIT,CIN,CIN,42.0,0.0,,0.0,4.0,,run,2946.0,,0,3,1,0,2019
124,PIT,CIN,PIT,13.0,0.0,deep,0.0,4.0,,pass,668.0,13.0,24,3,13,0,2019
125,PIT,CIN,PIT,66.0,1.0,,0.0,4.0,,run,269.0,,27,3,1,3,2019
126,PIT,CIN,PIT,48.0,0.0,,0.0,4.0,,pass,116.0,,27,3,10,-8,2019
127,SEA,LA,LA,5.0,1.0,short,0.0,4.0,0.0,pass,154.0,5.0,30,29,5,5,2019
128,CAR,JAX,JAX,5.0,0.0,,0.0,4.0,,run,719.0,,28,24,1,-2,2019
129,WAS,NE,WAS,22.0,0.0,,0.0,4.0,,run,2855.0,,7,6,1,-2,2019
130,TEN,BUF,TEN,41.0,1.0,,0.0,4.0,,run,2995.0,,0,0,1,2,2019
131,TEN,BUF,TEN,31.0,0.0,,0.0,4.0,,run,2896.0,,0,0,2,1,2019
132,PIT,BAL,PIT,44.0,1.0,,0.0,4.0,,run,1450.0,,13,17,1,1,2019
133,CIN,ARI,CIN,6.0,1.0,,0.0,4.0,,run,2926.0,,3,6,2,6,2019
134,CIN,ARI,ARI,58.0,0.0,,0.0,4.0,,run,1002.0,,9,13,1,0,2019
135,HOU,ATL,HOU,8.0,1.0,short,0.0,4.0,8.0,pass,785.0,-1.0,33,17,2,7,2019
136,NO,TB,TB,21.0,1.0,,0.0,4.0,,run,3050.0,,0,0,1,6,2019
137,NO,TB,NO,39.0,1.0,short,0.0,4.0,3.0,pass,1398.0,11.0,24,10,1,14,2019
138,NO,TB,TB,22.0,0.0,short,0.0,4.0,3.0,pass,76.0,-3.0,31,17,3,0,2019
139,NYG,MIN,MIN,3.0,0.0,,0.0,4.0,,pass,915.0,,10,25,2,-9,2019
140,NYG,MIN,MIN,27.0,0.0,deep,0.0,4.0,,pass,548.0,27.0,10,25,12,0,2019
141,NYG,MIN,MIN,75.0,0.0,short,0.0,4.0,,pass,206.0,4.0,10,28,2,0,2019
142,NYG,MIN,NYG,21.0,1.0,,0.0,4.0,,run,74.0,,10,28,4,17,2019
143,OAK,CHI,CHI,73.0,1.0,,0.0,4.0,,run,348.0,,17,21,1,4,2019
144,PHI,NYJ,NYJ,36.0,0.0,short,0.0,4.0,,pass,2735.0,1.0,14,0,5,0,2019
145,PHI,NYJ,NYJ,40.0,0.0,,0.0,4.0,,run,1634.0,,21,0,1,0,2019
146,LAC,DEN,DEN,1.0,0.0,short,0.0,4.0,4.0,pass,1807.0,-4.0,0,17,1,0,2019
147,KC,IND,IND,53.0,1.0,,0.0,4.0,,run,1986.0,,10,10,1,2,2019
148,KC,IND,KC,39.0,1.0,,0.0,4.0,,run,832.0,,10,13,1,3,2019
149,KC,IND,KC,27.0,1.0,,0.0,4.0,,run,675.0,,10,13,1,2,2019
150,KC,IND,IND,66.0,0.0,,0.0,4.0,,run,306.0,,10,16,1,-1,2019
151,SF,CLE,CLE,27.0,1.0,,0.0,4.0,,run,1925.0,,14,3,1,8,2019
152,NE,NYG,NYG,19.0,0.0,,0.0,4.0,,run,3387.0,,0,0,1,0,2019
153,NE,NYG,NYG,32.0,0.0,short,0.0,4.0,,pass,573.0,14.0,21,14,5,0,2019
154,NE,NYG,NE,63.0,0.0,deep,0.0,4.0,,pass,172.0,25.0,35,14,10,0,2019
155,TB,CAR,TB,1.0,1.0,,0.0,4.0,,run,2771.0,,0,9,1,1,2019
156,TB,CAR,CAR,17.0,1.0,short,0.0,4.0,0.0,pass,336.0,5.0,18,37,1,5,2019
157,TB,CAR,CAR,55.0,0.0,short,0.0,4.0,,pass,151.0,12.0,26,37,10,0,2019
158,MIA,WAS,WAS,45.0,1.0,,0.0,4.0,,run,2860.0,,0,0,3,6,2019
159,MIA,WAS,WAS,39.0,1.0,short,0.0,4.0,3.0,pass,2294.0,0.0,0,7,2,3,2019
160,MIN,PHI,MIN,49.0,0.0,short,0.0,4.0,,pass,2383.0,11.0,17,3,2,0,2019
161,MIN,PHI,MIN,21.0,0.0,short,0.0,4.0,,pass,1820.0,6.0,24,10,4,0,2019
162,MIN,PHI,MIN,67.0,1.0,deep,0.0,4.0,0.0,pass,406.0,17.0,38,20,15,17,2019
163,MIN,PHI,PHI,26.0,1.0,short,0.0,4.0,0.0,pass,200.0,15.0,38,20,5,15,2019
164,KC,HOU,KC,21.0,1.0,short,0.0,4.0,5.0,pass,2093.0,2.0,17,9,1,7,2019
165,KC,HOU,KC,40.0,0.0,deep,0.0,4.0,,pass,1839.0,40.0,17,16,1,0,2019
166,KC,HOU,KC,27.0,1.0,short,0.0,4.0,0.0,pass,120.0,8.0,24,31,3,8,2019
167,JAX,NO,NO,40.0,0.0,short,0.0,4.0,,pass,555.0,6.0,6,13,2,0,2019
168,CLE,SEA,SEA,38.0,1.0,deep,0.0,4.0,0.0,pass,3064.0,27.0,7,6,7,27,2019
169,CLE,SEA,SEA,23.0,1.0,short,0.0,4.0,3.0,pass,864.0,0.0,20,25,3,3,2019
170,CLE,SEA,SEA,1.0,0.0,,0.0,4.0,,run,643.0,,20,25,1,-1,2019
171,LA,SF,SF,1.0,0.0,,0.0,4.0,,run,2000.0,,7,7,1,0,2019
172,LA,SF,LA,41.0,1.0,,0.0,4.0,,run,1816.0,,7,7,1,4,2019
173,LA,SF,SF,56.0,0.0,,0.0,4.0,,run,626.0,,7,20,1,0,2019
174,LA,SF,SF,28.0,0.0,short,0.0,4.0,,pass,459.0,2.0,7,20,2,0,2019
175,LA,SF,SF,54.0,0.0,deep,0.0,4.0,,pass,144.0,35.0,7,20,6,0,2019
176,ARI,ATL,ATL,35.0,1.0,short,0.0,4.0,5.0,pass,1676.0,1.0,20,10,2,6,2019
177,NYJ,DAL,NYJ,7.0,0.0,,0.0,4.0,,run,2031.0,,7,3,2,-1,2019
178,DEN,TEN,DEN,13.0,0.0,,0.0,4.0,,pass,557.0,,13,0,4,-8,2019
179,DEN,TEN,DEN,12.0,0.0,short,0.0,4.0,,pass,95.0,9.0,16,0,11,0,2019
180,GB,DET,GB,1.0,1.0,,0.0,4.0,,run,3101.0,,0,9,1,1,2019
181,DEN,KC,KC,55.0,0.0,,0.0,4.0,,pass,2700.0,,6,10,4,-7,2019
182,DEN,KC,DEN,5.0,1.0,,0.0,4.0,,run,2400.0,,6,10,1,2,2019
183,DEN,KC,KC,66.0,1.0,,0.0,4.0,,run,824.0,,6,27,1,3,2019
184,DEN,KC,KC,49.0,0.0,short,0.0,4.0,,pass,494.0,4.0,6,27,6,0,2019
185,BUF,MIA,BUF,4.0,1.0,,0.0,4.0,,run,1302.0,,9,14,1,2,2019
186,BUF,MIA,BUF,43.0,1.0,short,0.0,4.0,1.0,pass,159.0,8.0,24,14,8,9,2019
187,CIN,JAX,CIN,1.0,0.0,,0.0,4.0,,run,3342.0,,0,0,1,0,2019
188,CIN,JAX,CIN,48.0,1.0,,0.0,4.0,,run,1586.0,,7,6,1,2,2019
189,DET,MIN,MIN,41.0,0.0,short,0.0,4.0,,pass,538.0,0.0,24,28,2,0,2019
190,GB,OAK,GB,1.0,0.0,,0.0,4.0,,run,675.0,,35,17,1,0,2019
191,ATL,LA,ATL,46.0,1.0,short,0.0,4.0,20.0,pass,2064.0,3.0,3,10,3,23,2019
192,IND,HOU,HOU,55.0,0.0,,0.0,4.0,,run,2590.0,,7,0,1,0,2019
193,IND,HOU,IND,65.0,1.0,short,0.0,4.0,1.0,pass,896.0,3.0,28,16,1,4,2019
194,IND,HOU,IND,52.0,0.0,short,0.0,4.0,,pass,786.0,6.0,28,16,1,0,2019
195,IND,HOU,IND,95.0,0.0,,0.0,4.0,,run,164.0,,30,23,9,-5,2019
196,WAS,SF,SF,28.0,0.0,,0.0,4.0,,run,2046.0,,0,0,1,-1,2019
197,WAS,SF,WAS,36.0,0.0,deep,0.0,4.0,,pass,1661.0,22.0,0,0,4,0,2019
198,WAS,SF,WAS,35.0,1.0,short,0.0,4.0,1.0,pass,747.0,1.0,0,3,1,2,2019
199,NYG,ARI,NYG,35.0,1.0,short,0.0,4.0,0.0,pass,3314.0,4.0,0,0,3,4,2019
200,NYG,ARI,ARI,39.0,1.0,short,0.0,4.0,0.0,pass,1114.0,15.0,14,24,6,15,2019
201,NYG,ARI,ARI,67.0,0.0,,0.0,4.0,,pass,155.0,,21,24,15,-13,2019
202,NYG,ARI,ARI,96.0,0.0,short,0.0,4.0,,pass,41.0,9.0,21,27,29,0,2019
203,TEN,LAC,TEN,31.0,0.0,short,0.0,4.0,,pass,3361.0,3.0,0,0,2,0,2019
204,TEN,LAC,LAC,43.0,1.0,short,0.0,4.0,8.0,pass,3198.0,3.0,0,0,8,11,2019
205,TEN,LAC,LAC,49.0,0.0,,0.0,4.0,,run,159.0,,23,20,1,0,2019
206,CHI,NO,NO,45.0,0.0,short,0.0,4.0,,pass,563.0,10.0,10,29,3,0,2019
207,CHI,NO,NO,7.0,1.0,short,0.0,4.0,0.0,pass,156.0,7.0,16,36,7,7,2019
208,SEA,BAL,SEA,8.0,1.0,,0.0,4.0,,run,984.0,,13,19,2,8,2019
209,DAL,PHI,PHI,51.0,1.0,short,0.0,4.0,8.0,pass,2475.0,1.0,14,7,1,9,2019
210,DAL,PHI,DAL,19.0,0.0,short,0.0,4.0,,pass,412.0,4.0,37,10,4,0,2019
211,DAL,PHI,DAL,66.0,1.0,,0.0,4.0,,run,117.0,,37,10,2,14,2019
212,NYJ,NE,NYJ,35.0,1.0,short,0.0,4.0,0.0,pass,2801.0,7.0,0,10,6,7,2019
213,NYJ,NE,NE,28.0,0.0,deep,0.0,4.0,,pass,1878.0,20.0,0,24,4,0,2019
214,MIN,WAS,WAS,37.0,1.0,,0.0,4.0,,run,3135.0,,0,0,1,2,2019
215,MIN,WAS,WAS,66.0,0.0,,0.0,4.0,,run,1068.0,,16,9,1,0,2019
216,MIN,WAS,WAS,7.0,0.0,,0.0,4.0,,run,32.0,,19,9,4,3,2019
217,ATL,SEA,SEA,66.0,1.0,short,0.0,4.0,10.0,pass,2426.0,1.0,0,10,1,11,2019
218,TEN,TB,TEN,41.0,1.0,,0.0,4.0,,run,2494.0,,14,3,1,2,2019
219,TEN,TB,TB,28.0,0.0,,0.0,4.0,,run,225.0,,27,23,2,0,2019
220,TEN,TB,TEN,32.0,0.0,,0.0,4.0,,run,120.0,,27,23,1,-1,2019
221,NO,ARI,NO,70.0,0.0,,0.0,4.0,,run,1356.0,,10,6,1,0,2019
222,NO,ARI,NO,27.0,0.0,short,0.0,4.0,,pass,405.0,2.0,24,9,2,0,2019
223,LA,CIN,LA,35.0,1.0,deep,0.0,4.0,3.0,pass,2858.0,19.0,3,0,2,22,2019
224,LA,CIN,LA,55.0,1.0,,0.0,4.0,,run,2331.0,,10,3,1,3,2019
225,LA,CIN,LA,51.0,1.0,deep,0.0,4.0,1.0,pass,445.0,26.0,24,10,10,27,2019
226,LA,CIN,LA,27.0,1.0,deep,0.0,4.0,2.0,pass,390.0,16.0,24,10,13,18,2019
227,LA,CIN,LA,6.0,0.0,short,0.0,4.0,2.0,pass,316.0,1.0,24,10,6,3,2019
228,LA,CIN,LA,9.0,0.0,short,0.0,4.0,,pass,5.0,9.0,24,10,9,0,2019
229,BUF,PHI,PHI,29.0,0.0,deep,0.0,4.0,,pass,998.0,23.0,13,24,10,0,2019
230,BUF,PHI,BUF,21.0,0.0,,0.0,4.0,,run,163.0,,13,31,1,-1,2019
231,BUF,PHI,PHI,72.0,0.0,short,0.0,4.0,,pass,129.0,7.0,13,31,4,0,2019
232,CHI,LAC,LAC,43.0,1.0,short,0.0,4.0,1.0,pass,1473.0,7.0,9,7,1,8,2019
233,DET,NYG,DET,39.0,0.0,short,0.0,4.0,,pass,390.0,5.0,31,19,6,0,2019
234,DET,NYG,DET,14.0,0.0,short,0.0,4.0,,pass,211.0,14.0,31,19,11,0,2019
235,JAX,NYJ,JAX,47.0,1.0,,0.0,4.0,,run,3146.0,,6,0,1,2,2019
236,JAX,NYJ,JAX,73.0,0.0,deep,0.0,4.0,,pass,147.0,18.0,29,15,6,0,2019
237,SF,CAR,SF,47.0,0.0,,0.0,4.0,,pass,392.0,,44,13,12,-12,2019
238,SF,CAR,SF,59.0,0.0,,0.0,4.0,,run,253.0,,51,13,1,0,2019
239,HOU,OAK,OAK,66.0,1.0,,0.0,4.0,,run,1662.0,,10,14,1,9,2019
240,NE,CLE,CLE,33.0,1.0,short,0.0,4.0,0.0,pass,3252.0,10.0,0,0,7,10,2019
241,NE,CLE,CLE,24.0,1.0,short,0.0,4.0,0.0,pass,2056.0,4.0,17,7,4,4,2019
242,NE,CLE,NE,81.0,0.0,,0.0,4.0,,pass,377.0,,27,10,16,-5,2019
243,PIT,MIA,MIA,37.0,0.0,short,0.0,4.0,,pass,3159.0,14.0,0,7,6,0,2019
244,PIT,MIA,PIT,47.0,0.0,,0.0,4.0,,run,920.0,,17,14,1,0,2019
245,PIT,MIA,PIT,31.0,0.0,,0.0,4.0,,pass,183.0,,27,14,7,-4,2019
246,ARI,SF,ARI,1.0,1.0,short,0.0,4.0,0.0,pass,1804.0,1.0,7,20,1,1,2019
247,JAX,HOU,JAX,39.0,1.0,short,0.0,4.0,11.0,pass,2362.0,1.0,0,3,2,12,2019
248,JAX,HOU,HOU,31.0,0.0,,0.0,4.0,,pass,1443.0,,3,9,14,-19,2019
249,JAX,HOU,HOU,20.0,0.0,deep,0.0,4.0,,pass,665.0,17.0,3,19,10,0,2019
250,PHI,CHI,CHI,40.0,1.0,short,0.0,4.0,8.0,pass,3352.0,7.0,0,0,2,15,2019
251,PIT,IND,IND,35.0,0.0,short,0.0,4.0,4.0,pass,2167.0,-4.0,3,10,2,0,2019
252,PIT,IND,PIT,46.0,1.0,,0.0,4.0,,run,1660.0,,13,16,2,5,2019
253,PIT,IND,PIT,35.0,0.0,,0.0,4.0,,pass,1549.0,,13,16,4,-11,2019
254,PIT,IND,PIT,4.0,1.0,short,0.0,4.0,0.0,pass,527.0,4.0,23,24,2,4,2019
255,MIA,NYJ,MIA,32.0,1.0,short,0.0,4.0,13.0,pass,3393.0,2.0,0,0,2,15,2019
256,MIA,NYJ,MIA,83.0,1.0,,0.0,4.0,,run,115.0,,26,15,1,8,2019
257,KC,MIN,MIN,7.0,1.0,,0.0,4.0,,run,2173.0,,7,7,1,2,2019
258,KC,MIN,KC,15.0,1.0,short,0.0,4.0,0.0,pass,1829.0,4.0,10,7,1,4,2019
259,CAR,TEN,TEN,7.0,1.0,short,0.0,4.0,6.0,pass,2290.0,1.0,9,0,2,7,2019
260,CAR,TEN,TEN,64.0,1.0,,0.0,4.0,,run,1450.0,,17,7,4,5,2019
261,CAR,TEN,CAR,54.0,1.0,short,0.0,4.0,2.0,pass,272.0,5.0,30,14,3,7,2019
262,BUF,WAS,WAS,1.0,1.0,,0.0,4.0,,run,2092.0,,16,3,1,1,2019
263,BUF,WAS,WAS,24.0,0.0,,0.0,4.0,,run,1558.0,,17,6,1,0,2019
264,BUF,WAS,BUF,56.0,0.0,short,0.0,4.0,1.0,pass,81.0,1.0,24,9,4,2,2019
265,SEA,TB,SEA,35.0,1.0,,0.0,4.0,,run,120.0,,34,27,5,5,2019
266,OAK,DET,OAK,2.0,1.0,short,0.0,4.0,0.0,pass,2858.0,2.0,7,6,2,2,2019
267,OAK,DET,DET,35.0,0.0,short,0.0,4.0,,pass,2312.0,5.0,10,14,3,0,2019
268,OAK,DET,DET,62.0,1.0,,0.0,4.0,,run,1680.0,,17,14,3,27,2019
269,OAK,DET,OAK,1.0,0.0,short,0.0,4.0,,pass,8.0,1.0,31,24,1,0,2019
270,LAC,GB,GB,1.0,1.0,,0.0,4.0,,run,636.0,,25,3,1,1,2019
271,LAC,GB,LAC,41.0,0.0,deep,0.0,4.0,,pass,76.0,41.0,26,11,5,0,2019
272,DEN,CLE,DEN,5.0,0.0,,0.0,4.0,,run,1223.0,,17,12,1,0,2019
273,DEN,CLE,DEN,28.0,0.0,short,0.0,4.0,,pass,203.0,7.0,24,19,4,0,2019
274,BAL,NE,NE,38.0,1.0,short,0.0,4.0,0.0,pass,1113.0,7.0,24,20,4,7,2019
275,NYG,DAL,DAL,36.0,1.0,short,0.0,4.0,0.0,pass,47.0,12.0,18,30,10,12,2019
276,OAK,LAC,OAK,50.0,1.0,,0.0,4.0,,run,2674.0,,10,0,1,1,2019
277,OAK,LAC,LAC,40.0,1.0,,0.0,4.0,,run,1920.0,,10,14,1,3,2019
278,OAK,LAC,OAK,70.0,0.0,deep,0.0,4.0,,pass,27.0,35.0,26,24,10,0,2019
279,CIN,BAL,CIN,44.0,1.0,short,0.0,4.0,0.0,pass,3100.0,4.0,0,7,3,4,2019
280,CIN,BAL,BAL,51.0,1.0,,0.0,4.0,,run,2200.0,,3,21,1,3,2019
281,CIN,BAL,BAL,34.0,0.0,short,0.0,4.0,0.0,pass,1483.0,0.0,10,28,8,0,2019
282,CIN,BAL,BAL,67.0,0.0,short,0.0,4.0,,pass,1307.0,4.0,10,35,2,0,2019
283,CIN,BAL,BAL,20.0,0.0,short,0.0,4.0,,pass,794.0,5.0,10,49,6,0,2019
284,CLE,BUF,CLE,39.0,0.0,short,0.0,4.0,,pass,3336.0,10.0,6,0,4,0,2019
285,CLE,BUF,BUF,41.0,1.0,short,0.0,4.0,14.0,pass,3164.0,2.0,6,0,2,16,2019
286,CLE,BUF,BUF,1.0,0.0,,0.0,4.0,,run,2898.0,,6,0,1,-2,2019
287,CLE,BUF,CLE,36.0,0.0,short,0.0,4.0,,pass,902.0,15.0,12,9,4,0,2019
288,CHI,DET,DET,71.0,1.0,,0.0,4.0,,run,2001.0,,0,6,1,2,2019
289,CHI,DET,CHI,46.0,0.0,deep,0.0,4.0,,pass,138.0,21.0,20,13,11,0,2019
290,CHI,DET,CHI,25.0,0.0,deep,0.0,4.0,,pass,7.0,25.0,20,13,7,0,2019
291,NYJ,NYG,NYG,41.0,1.0,,0.0,4.0,,run,2960.0,,7,0,1,2,2019
292,NYJ,NYG,NYJ,39.0,1.0,short,0.0,4.0,31.0,pass,2133.0,8.0,14,13,4,39,2019
293,NYJ,NYG,NYJ,61.0,0.0,,0.0,4.0,,run,1920.0,,14,13,1,0,2019
294,TEN,KC,TEN,43.0,1.0,short,0.0,4.0,9.0,pass,1105.0,1.0,20,19,2,10,2019
295,TEN,KC,KC,68.0,0.0,deep,0.0,4.0,,pass,115.0,28.0,27,32,17,0,2019
296,TB,ARI,TB,44.0,1.0,short,0.0,4.0,0.0,pass,1880.0,11.0,10,6,5,11,2019
297,TB,ARI,TB,23.0,0.0,short,0.0,4.0,,pass,1694.0,11.0,17,13,1,0,2019
298,TB,ARI,TB,64.0,1.0,deep,0.0,4.0,0.0,pass,519.0,26.0,23,20,10,26,2019
299,NO,ATL,NO,44.0,1.0,,0.0,4.0,,run,2736.0,,3,3,4,5,2019
300,NO,ATL,ATL,59.0,0.0,,0.0,4.0,,pass,331.0,,9,23,5,-7,2019
301,NO,ATL,ATL,81.0,0.0,short,0.0,4.0,,pass,218.0,4.0,9,23,2,0,2019
302,NO,ATL,ATL,14.0,0.0,short,0.0,4.0,0.0,pass,2.0,13.0,9,26,14,13,2019
303,IND,MIA,IND,35.0,1.0,short,0.0,4.0,13.0,pass,2879.0,-1.0,0,3,3,12,2019
304,IND,MIA,IND,3.0,0.0,short,0.0,4.0,5.0,pass,2694.0,-5.0,0,3,3,0,2019
305,IND,MIA,MIA,45.0,0.0,,0.0,4.0,,run,2132.0,,0,3,2,1,2019
306,IND,MIA,MIA,16.0,0.0,short,0.0,4.0,0.0,pass,45.0,8.0,12,16,10,8,2019
307,PIT,LA,PIT,71.0,0.0,short,0.0,4.0,,pass,1372.0,4.0,14,7,1,0,2019
308,PIT,LA,LA,66.0,1.0,short,0.0,4.0,5.0,pass,535.0,1.0,14,12,1,6,2019
309,PIT,LA,PIT,30.0,0.0,deep,0.0,4.0,,pass,90.0,30.0,17,12,10,0,2019
310,GB,CAR,GB,25.0,1.0,short,0.0,4.0,0.0,pass,56.0,12.0,24,16,10,12,2019
311,DAL,MIN,DAL,2.0,1.0,,0.0,4.0,,run,906.0,,21,26,2,2,2019
312,DAL,MIN,MIN,14.0,0.0,short,0.0,4.0,,pass,44.0,5.0,24,28,5,0,2019
313,DAL,MIN,MIN,45.0,0.0,deep,0.0,4.0,,pass,3.0,45.0,24,28,1,0,2019
314,SF,SEA,SEA,33.0,0.0,short,0.0,4.0,,pass,1505.0,9.0,10,7,2,0,2019
315,CLE,PIT,CLE,46.0,0.0,short,0.0,4.0,,pass,2203.0,11.0,14,0,2,0,2019
316,CLE,PIT,CLE,32.0,0.0,short,0.0,4.0,,pass,809.0,0.0,14,7,1,0,2019
317,CLE,PIT,CLE,72.0,0.0,,0.0,4.0,,run,8.0,,21,7,18,-4,2019
318,CAR,ATL,ATL,38.0,1.0,short,0.0,4.0,11.0,pass,2527.0,-3.0,0,10,2,8,2019
319,CAR,ATL,ATL,50.0,1.0,deep,0.0,4.0,1.0,pass,1853.0,18.0,0,20,5,19,2019
320,CAR,ATL,ATL,35.0,0.0,,0.0,4.0,,pass,1598.0,,0,20,5,-12,2019
321,CAR,ATL,CAR,44.0,1.0,,0.0,4.0,,run,1483.0,,0,20,1,1,2019
322,CAR,ATL,ATL,66.0,0.0,,0.0,4.0,,run,1202.0,,0,26,1,-1,2019
323,CAR,ATL,ATL,37.0,1.0,short,0.0,4.0,8.0,pass,297.0,2.0,3,29,7,10,2019
324,IND,JAX,JAX,39.0,0.0,short,0.0,4.0,,pass,1821.0,4.0,10,7,4,0,2019
325,IND,JAX,JAX,1.0,1.0,short,0.0,4.0,0.0,pass,1434.0,1.0,16,7,1,1,2019
326,IND,JAX,IND,44.0,0.0,short,0.0,4.0,,pass,1138.0,14.0,17,7,4,0,2019
327,MIA,BUF,MIA,22.0,1.0,,0.0,4.0,,run,3110.0,,0,3,1,3,2019
328,MIA,BUF,BUF,43.0,0.0,deep,0.0,4.0,,pass,524.0,25.0,20,37,16,0,2019
329,MIA,BUF,BUF,58.0,1.0,deep,0.0,4.0,17.0,pass,326.0,28.0,20,37,2,45,2019
330,MIA,BUF,BUF,4.0,0.0,,0.0,4.0,,run,228.0,,20,37,1,0,2019
331,MIA,BUF,BUF,31.0,0.0,short,0.0,4.0,,pass,47.0,13.0,20,37,4,0,2019
332,BAL,HOU,BAL,33.0,0.0,deep,0.0,4.0,,pass,3056.0,33.0,0,0,2,0,2019
333,BAL,HOU,HOU,37.0,0.0,short,0.0,4.0,3.0,pass,2825.0,-5.0,0,0,4,-2,2019
334,BAL,HOU,BAL,53.0,1.0,short,0.0,4.0,5.0,pass,1874.0,4.0,14,0,1,9,2019
335,BAL,HOU,BAL,29.0,0.0,short,0.0,4.0,,pass,885.0,6.0,27,0,2,0,2019
336,BAL,HOU,BAL,65.0,0.0,,0.0,4.0,,pass,156.0,,41,7,5,-10,2019
337,MIN,DEN,MIN,7.0,1.0,,0.0,4.0,,run,2653.0,,0,10,1,1,2019
338,MIN,DEN,DEN,55.0,1.0,,0.0,4.0,,run,1693.0,,0,20,1,1,2019
339,MIN,DEN,DEN,66.0,1.0,,0.0,4.0,,run,1082.0,,7,23,1,2,2019
340,MIN,DEN,MIN,45.0,1.0,short,0.0,4.0,6.0,pass,207.0,5.0,27,23,6,11,2019
341,MIN,DEN,MIN,30.0,1.0,short,0.0,4.0,0.0,pass,117.0,6.0,27,23,6,6,2019
342,MIN,DEN,MIN,15.0,1.0,,0.0,4.0,,run,33.0,,27,23,1,11,2019
343,WAS,NYJ,NYJ,31.0,0.0,short,0.0,4.0,,pass,1352.0,4.0,3,20,7,0,2019
344,WAS,NYJ,WAS,51.0,1.0,,0.0,4.0,,run,981.0,,3,20,1,3,2019
345,TB,NO,TB,47.0,1.0,,0.0,4.0,,run,547.0,,17,27,1,2,2019
346,TB,NO,NO,67.0,0.0,deep,0.0,4.0,,pass,319.0,22.0,17,33,10,0,2019
347,SF,ARI,ARI,40.0,0.0,short,0.0,4.0,,pass,2863.0,14.0,0,9,5,0,2019
348,SF,ARI,SF,34.0,1.0,short,0.0,4.0,0.0,pass,2455.0,4.0,0,9,1,4,2019
349,SF,ARI,ARI,21.0,0.0,,0.0,4.0,,run,11.0,,30,26,1,-1,2019
350,OAK,CIN,OAK,36.0,1.0,short,0.0,4.0,10.0,pass,3021.0,8.0,0,0,3,18,2019
351,OAK,CIN,CIN,4.0,1.0,,0.0,4.0,,run,665.0,,14,10,1,3,2019
352,OAK,CIN,OAK,27.0,0.0,deep,0.0,4.0,,pass,311.0,22.0,17,10,4,0,2019
353,PHI,NE,NE,26.0,0.0,deep,0.0,4.0,,pass,65.0,26.0,10,17,10,0,2019
354,LA,CHI,LA,31.0,0.0,short,0.0,4.0,,pass,3255.0,12.0,0,0,9,0,2019
355,LA,CHI,LA,79.0,0.0,short,0.0,4.0,,pass,115.0,4.0,17,7,14,0,2019
356,LAC,KC,KC,85.0,1.0,short,0.0,4.0,5.0,pass,85.0,5.0,17,24,4,10,2019
357,HOU,IND,IND,34.0,0.0,short,0.0,4.0,,pass,1610.0,3.0,10,10,3,0,2019
358,HOU,IND,HOU,47.0,0.0,,0.0,4.0,,run,180.0,,20,17,7,6,2019
359,HOU,IND,IND,35.0,0.0,deep,0.0,4.0,,pass,5.0,35.0,20,17,3,0,2019
360,CHI,NYG,CHI,44.0,0.0,short,0.0,4.0,0.0,pass,784.0,1.0,19,7,4,1,2019
361,CHI,NYG,CHI,23.0,1.0,deep,0.0,4.0,0.0,pass,257.0,23.0,19,13,18,23,2019
362,CHI,NYG,CHI,88.0,1.0,short,0.0,4.0,13.0,pass,175.0,4.0,19,14,4,17,2019
363,CHI,NYG,CHI,65.0,0.0,short,0.0,4.0,,pass,110.0,11.0,19,14,4,0,2019
364,CLE,MIA,CLE,58.0,0.0,,0.0,4.0,,run,2655.0,,14,0,7,3,2019
365,ATL,TB,TB,50.0,1.0,short,0.0,4.0,0.0,pass,660.0,5.0,13,28,4,5,2019
366,ATL,TB,TB,85.0,0.0,,0.0,4.0,,pass,198.0,,16,34,5,-9,2019
367,ATL,TB,TB,21.0,1.0,deep,0.0,4.0,0.0,pass,116.0,21.0,22,35,7,21,2019
368,NO,CAR,NO,2.0,1.0,short,0.0,4.0,0.0,pass,568.0,2.0,31,30,2,2,2019
369,NO,CAR,CAR,55.0,0.0,,0.0,4.0,,run,407.0,,31,31,1,-2,2019
370,PHI,SEA,SEA,23.0,0.0,short,0.0,4.0,,pass,474.0,3.0,3,17,2,0,2019
371,NYJ,OAK,NYJ,61.0,0.0,,0.0,4.0,,run,1429.0,,20,3,1,0,2019
372,TEN,JAX,TEN,10.0,1.0,short,0.0,4.0,10.0,pass,1076.0,-1.0,35,3,2,9,2019
373,TEN,JAX,TEN,32.0,0.0,,0.0,4.0,,pass,104.0,,42,20,4,-6,2019
374,NE,DAL,NE,75.0,0.0,deep,0.0,4.0,,pass,110.0,20.0,13,9,11,0,2019
375,NE,DAL,DAL,15.0,0.0,short,0.0,4.0,,pass,5.0,15.0,13,9,15,0,2019
376,SF,GB,SF,28.0,0.0,,0.0,4.0,,run,2472.0,,10,0,1,0,2019
377,SF,GB,SF,48.0,1.0,short,0.0,4.0,20.0,pass,1441.0,-5.0,23,0,4,15,2019
378,SF,GB,SF,27.0,0.0,,0.0,4.0,,pass,695.0,,30,8,8,-4,2019
379,LA,BAL,LA,23.0,1.0,,0.0,4.0,,run,2826.0,,0,7,1,5,2019
380,LA,BAL,LA,33.0,1.0,short,0.0,4.0,2.0,pass,1038.0,13.0,6,35,4,15,2019
381,LA,BAL,LA,55.0,1.0,,0.0,4.0,,run,632.0,,6,42,1,1,2019
382,LA,BAL,BAL,68.0,1.0,short,0.0,4.0,31.0,pass,113.0,7.0,6,45,8,38,2019
383,DET,CHI,DET,32.0,0.0,short,0.0,4.0,,pass,2293.0,2.0,14,7,6,0,2019
384,DET,CHI,CHI,39.0,0.0,deep,0.0,4.0,,pass,36.0,29.0,20,24,22,0,2019
385,DAL,BUF,BUF,81.0,1.0,,0.0,4.0,,run,2700.0,,7,0,1,2,2019
386,DAL,BUF,DAL,30.0,1.0,,0.0,4.0,,run,1937.0,,7,7,1,2,2019
387,DAL,BUF,BUF,6.0,0.0,short,0.0,4.0,,pass,926.0,0.0,7,23,6,0,2019
388,DAL,BUF,BUF,22.0,0.0,,0.0,4.0,,pass,355.0,,7,26,4,-10,2019
389,DAL,BUF,DAL,33.0,1.0,,0.0,4.0,,run,120.0,,15,26,1,1,2019
390,ATL,NO,NO,2.0,0.0,short,0.0,4.0,,pass,2700.0,2.0,0,7,1,0,2019
391,ATL,NO,NO,49.0,1.0,,0.0,4.0,,run,1826.0,,6,17,3,9,2019
392,ATL,NO,NO,63.0,1.0,short,0.0,4.0,0.0,pass,163.0,14.0,15,26,14,14,2019
393,ATL,NO,NO,44.0,0.0,,0.0,4.0,,pass,44.0,,18,26,8,-8,2019
394,IND,TEN,IND,13.0,1.0,,0.0,4.0,,run,1259.0,,17,13,1,13,2019
395,CIN,NYJ,CIN,36.0,0.0,short,0.0,4.0,,pass,386.0,0.0,22,6,8,0,2019
396,CIN,NYJ,CIN,43.0,0.0,short,0.0,4.0,,pass,106.0,13.0,22,6,10,0,2019
397,CAR,WAS,WAS,51.0,1.0,short,0.0,4.0,28.0,pass,225.0,-13.0,14,29,10,15,2019
398,CAR,WAS,WAS,3.0,0.0,,1.0,4.0,,pass,27.0,,21,29,3,-28,2019
399,BAL,SF,BAL,33.0,1.0,deep,0.0,4.0,4.0,pass,3420.0,29.0,0,6,2,33,2019
400,BAL,SF,SF,38.0,1.0,short,0.0,4.0,2.0,pass,2103.0,0.0,14,14,2,2,2019
401,BAL,SF,SF,40.0,0.0,short,0.0,4.0,,pass,581.0,7.0,17,17,5,0,2019
402,BAL,SF,BAL,35.0,0.0,short,0.0,4.0,,pass,393.0,5.0,17,17,1,0,2019
403,BAL,SF,SF,56.0,1.0,,0.0,4.0,,run,279.0,,17,17,1,3,2019
404,JAX,TB,JAX,51.0,1.0,,0.0,4.0,,run,1542.0,,0,23,1,2,2019
405,JAX,TB,JAX,37.0,0.0,,0.0,4.0,,pass,914.0,,3,23,4,-9,2019
406,JAX,TB,TB,19.0,1.0,short,0.0,4.0,3.0,pass,558.0,8.0,11,23,5,11,2019
407,JAX,TB,TB,81.0,0.0,short,0.0,4.0,7.0,pass,206.0,-2.0,11,23,21,5,2019
408,JAX,TB,TB,77.0,0.0,,0.0,4.0,,pass,105.0,,11,26,9,-18,2019
409,PIT,CLE,PIT,64.0,0.0,deep,0.0,4.0,,pass,1802.0,29.0,10,10,10,0,2019
410,PIT,CLE,PIT,40.0,1.0,,0.0,4.0,,run,1268.0,,17,10,1,2,2019
411,NYG,GB,GB,33.0,1.0,short,0.0,4.0,4.0,pass,3031.0,4.0,0,7,5,8,2019
412,NYG,GB,GB,51.0,1.0,,0.0,4.0,,run,2351.0,,7,17,1,2,2019
413,NYG,GB,GB,41.0,1.0,,0.0,4.0,,run,2185.0,,7,17,2,2,2019
414,NYG,GB,NYG,35.0,1.0,short,0.0,4.0,0.0,pass,1164.0,15.0,13,17,10,15,2019
415,NYG,GB,GB,17.0,0.0,short,0.0,4.0,,pass,124.0,7.0,13,31,4,0,2019
416,MIA,PHI,PHI,43.0,1.0,deep,0.0,4.0,18.0,pass,2894.0,25.0,6,10,4,43,2019
417,MIA,PHI,PHI,1.0,1.0,short,0.0,4.0,0.0,pass,2084.0,1.0,13,13,1,1,2019
418,MIA,PHI,PHI,38.0,1.0,short,0.0,4.0,0.0,pass,321.0,8.0,34,28,1,8,2019
419,ARI,LA,LA,49.0,0.0,,0.0,4.0,,pass,1302.0,,0,34,2,-2,2019
420,ARI,LA,ARI,19.0,0.0,,0.0,4.0,,run,838.0,,0,34,1,-1,2019
421,ARI,LA,LA,72.0,1.0,short,0.0,4.0,6.0,pass,760.0,0.0,0,34,2,6,2019
422,ARI,LA,LA,55.0,1.0,,0.0,4.0,,run,338.0,,7,34,1,2,2019
423,ARI,LA,LA,28.0,0.0,short,0.0,4.0,,pass,133.0,13.0,7,34,5,0,2019
424,DEN,LAC,DEN,76.0,1.0,deep,0.0,4.0,2.0,pass,142.0,36.0,20,17,11,38,2019
425,KC,OAK,OAK,15.0,0.0,,0.0,4.0,,run,3024.0,,7,0,1,0,2019
426,KC,OAK,KC,40.0,0.0,,0.0,4.0,,run,2398.0,,7,0,1,0,2019
427,KC,OAK,KC,40.0,1.0,,0.0,4.0,,run,1070.0,,31,0,1,4,2019
428,HOU,NE,HOU,42.0,0.0,short,0.0,4.0,,pass,1334.0,7.0,14,3,1,0,2019
429,HOU,NE,HOU,17.0,1.0,short,0.0,4.0,0.0,pass,254.0,6.0,28,9,6,6,2019
430,SEA,MIN,MIN,68.0,1.0,,0.0,4.0,,run,678.0,,34,24,3,29,2019
431,SEA,MIN,SEA,58.0,0.0,short,0.0,4.0,,pass,151.0,3.0,34,30,3,0,2019
432,CHI,DAL,CHI,47.0,1.0,deep,0.0,4.0,0.0,pass,1046.0,21.0,24,7,3,21,2019
433,CHI,DAL,CHI,2.0,1.0,,0.0,4.0,,run,900.0,,24,13,1,2,2019
434,CHI,DAL,CHI,48.0,0.0,short,0.0,4.0,,pass,554.0,-1.0,31,14,4,0,2019
435,TB,IND,TB,11.0,1.0,,0.0,4.0,,run,2295.0,,14,10,1,9,2019
436,TB,IND,TB,3.0,1.0,,0.0,4.0,,run,1813.0,,21,24,1,2,2019
437,TB,IND,IND,16.0,1.0,short,0.0,4.0,0.0,pass,278.0,4.0,31,35,2,4,2019
438,TB,IND,TB,50.0,0.0,short,0.0,4.0,,pass,116.0,-6.0,38,35,2,0,2019
439,NYJ,MIA,MIA,14.0,0.0,,0.0,4.0,,run,966.0,,16,12,1,0,2019
440,NO,SF,SF,1.0,1.0,,0.0,4.0,,run,2251.0,,26,14,1,1,2019
441,NO,SF,SF,41.0,1.0,,0.0,4.0,,run,1289.0,,30,35,1,5,2019
442,NO,SF,SF,45.0,0.0,deep,0.0,4.0,,pass,963.0,35.0,33,35,18,0,2019
443,NO,SF,NO,67.0,1.0,short,1.0,4.0,37.0,pass,39.0,2.0,46,45,2,39,2019
444,MIN,DET,MIN,10.0,1.0,short,0.0,4.0,0.0,pass,134.0,10.0,20,6,5,10,2019
445,MIN,DET,DET,44.0,0.0,,0.0,4.0,,run,110.0,,20,7,2,0,2019
446,HOU,DEN,DEN,66.0,0.0,short,0.0,4.0,,pass,1920.0,4.0,3,24,1,0,2019
447,HOU,DEN,DEN,58.0,1.0,deep,0.0,4.0,-1.0,pass,515.0,20.0,17,38,18,19,2019
448,HOU,DEN,DEN,32.0,0.0,short,0.0,4.0,,pass,435.0,11.0,17,38,3,0,2019
449,HOU,DEN,DEN,13.0,1.0,short,0.0,4.0,7.0,pass,61.0,3.0,17,38,1,10,2019
450,BUF,BAL,BAL,16.0,0.0,short,0.0,4.0,,pass,68.0,15.0,17,24,8,0,2019
451,CLE,CIN,CLE,3.0,1.0,,0.0,4.0,,run,1252.0,,21,13,1,1,2019
452,CLE,CIN,CLE,4.0,0.0,,0.0,4.0,,run,440.0,,24,16,4,2,2019
453,GB,WAS,WAS,36.0,1.0,short,0.0,4.0,0.0,pass,1865.0,9.0,14,6,5,9,2019
454,GB,WAS,WAS,28.0,1.0,,0.0,4.0,,run,1650.0,,14,6,1,7,2019
455,JAX,LAC,LAC,61.0,1.0,,0.0,4.0,,run,1604.0,,3,31,1,2,2019
456,JAX,LAC,LAC,52.0,1.0,short,0.0,4.0,3.0,pass,1459.0,6.0,3,31,3,9,2019
457,JAX,LAC,LAC,61.0,0.0,short,0.0,4.0,0.0,pass,900.0,-1.0,10,38,1,-1,2019
458,JAX,LAC,LAC,36.0,0.0,deep,0.0,4.0,,pass,340.0,21.0,10,45,3,0,2019
459,ARI,PIT,PIT,59.0,1.0,,0.0,4.0,,run,1592.0,,10,13,8,9,2019
460,ARI,PIT,PIT,6.0,0.0,short,0.0,4.0,,pass,753.0,6.0,10,20,2,0,2019
461,ARI,PIT,ARI,60.0,0.0,,0.0,4.0,,run,493.0,,10,20,6,-8,2019
462,ARI,PIT,PIT,82.0,0.0,deep,0.0,4.0,,pass,48.0,28.0,17,23,17,0,2019
463,OAK,TEN,TEN,1.0,0.0,short,0.0,4.0,,pass,230.0,1.0,21,42,1,0,2019
464,NE,KC,KC,27.0,0.0,short,0.0,4.0,,pass,2226.0,7.0,7,17,7,0,2019
465,NE,KC,NE,33.0,1.0,,0.0,4.0,,run,1570.0,,7,20,1,2,2019
466,NE,KC,KC,29.0,1.0,,0.0,4.0,,run,206.0,,16,23,6,17,2019
467,NE,KC,KC,5.0,0.0,short,0.0,4.0,,pass,71.0,5.0,16,23,3,0,2019
468,LA,SEA,LA,24.0,0.0,short,0.0,4.0,,pass,2256.0,7.0,14,3,1,0,2019
469,LA,SEA,LA,90.0,1.0,deep,0.0,4.0,0.0,pass,186.0,23.0,28,12,18,23,2019
470,PHI,NYG,NYG,57.0,0.0,,0.0,4.0,,run,3171.0,,0,0,1,0,2019
471,PHI,NYG,NYG,71.0,1.0,,0.0,4.0,,run,294.0,,10,17,1,2,2019
472,BAL,NYJ,BAL,7.0,0.0,short,0.0,4.0,,pass,1920.0,7.0,21,7,1,0,2019
473,BAL,NYJ,NYJ,71.0,1.0,deep,0.0,4.0,16.0,pass,1048.0,20.0,28,7,1,36,2019
474,BAL,NYJ,BAL,41.0,0.0,short,0.0,4.0,,pass,247.0,4.0,42,21,1,0,2019
475,CIN,NE,CIN,35.0,0.0,short,0.0,4.0,,pass,2484.0,0.0,10,7,4,0,2019
476,CIN,NE,NE,30.0,0.0,,0.0,4.0,,run,2234.0,,10,7,1,0,2019
477,CIN,NE,NE,43.0,1.0,short,0.0,4.0,4.0,pass,570.0,0.0,10,27,4,4,2019
478,DET,TB,DET,55.0,1.0,,0.0,4.0,,run,700.0,,17,24,1,2,2019
479,DET,TB,TB,54.0,0.0,deep,0.0,4.0,,pass,251.0,43.0,17,31,3,0,2019
480,TEN,HOU,HOU,37.0,0.0,deep,0.0,4.0,,pass,1874.0,30.0,0,14,10,0,2019
481,TEN,HOU,HOU,1.0,1.0,,0.0,4.0,,run,1240.0,,6,14,1,1,2019
482,KC,DEN,KC,52.0,1.0,deep,0.0,4.0,23.0,pass,2026.0,20.0,12,0,1,43,2019
483,KC,DEN,KC,42.0,0.0,short,0.0,4.0,,pass,580.0,2.0,23,3,14,0,2019
484,KC,DEN,KC,33.0,0.0,short,0.0,4.0,,pass,292.0,13.0,23,3,10,0,2019
485,NYG,MIA,NYG,10.0,0.0,,0.0,4.0,,run,2844.0,,0,0,1,-3,2019
486,NYG,MIA,NYG,56.0,0.0,short,0.0,4.0,,pass,400.0,-4.0,30,13,12,0,2019
487,NYG,MIA,NYG,31.0,1.0,,0.0,4.0,,run,146.0,,36,13,1,2,2019
488,CAR,SEA,CAR,6.0,1.0,,0.0,4.0,,run,443.0,,10,29,1,6,2019
489,GB,CHI,CHI,29.0,1.0,deep,0.0,4.0,7.0,pass,2993.0,22.0,6,0,4,29,2019
490,GB,CHI,GB,41.0,0.0,deep,0.0,4.0,,pass,2260.0,40.0,7,0,7,0,2019
491,GB,CHI,CHI,36.0,0.0,deep,0.0,4.0,,pass,2109.0,24.0,7,0,6,0,2019
492,GB,CHI,CHI,41.0,0.0,deep,0.0,4.0,,pass,1809.0,16.0,7,3,14,0,2019
493,GB,CHI,GB,34.0,0.0,short,0.0,4.0,,pass,1490.0,6.0,14,3,6,0,2019
494,GB,CHI,GB,49.0,0.0,deep,0.0,4.0,,pass,111.0,19.0,21,13,10,0,2019
495,LAC,MIN,MIN,35.0,1.0,deep,0.0,4.0,3.0,pass,1014.0,21.0,10,25,2,24,2019
496,LAC,MIN,MIN,15.0,0.0,short,0.0,4.0,,pass,900.0,15.0,10,25,14,0,2019
497,OAK,JAX,OAK,59.0,1.0,,0.0,4.0,,run,476.0,,16,6,1,1,2019
498,ARI,CLE,CLE,26.0,1.0,,0.0,4.0,,run,1932.0,,14,10,1,3,2019
499,ARI,CLE,ARI,12.0,1.0,short,0.0,4.0,4.0,pass,113.0,7.0,38,17,6,11,2019
500,DAL,LA,LA,7.0,1.0,,0.0,4.0,,run,2027.0,,14,7,1,2,2019
501,DAL,LA,DAL,66.0,1.0,short,0.0,4.0,0.0,pass,1303.0,5.0,31,7,4,5,2019
502,DAL,LA,DAL,36.0,0.0,deep,0.0,4.0,,pass,1131.0,24.0,31,7,10,0,2019
503,SF,ATL,ATL,36.0,1.0,short,0.0,4.0,7.0,pass,2886.0,-2.0,0,0,1,5,2019
504,PIT,BUF,PIT,36.0,1.0,short,0.0,4.0,0.0,pass,2815.0,10.0,0,0,6,10,2019
505,PIT,BUF,BUF,23.0,0.0,deep,0.0,4.0,,pass,120.0,23.0,10,17,7,0,2019
506,NO,IND,NO,49.0,0.0,deep,0.0,4.0,,pass,1024.0,36.0,27,0,8,0,2019
507,NO,IND,NO,40.0,1.0,short,0.0,4.0,3.0,pass,302.0,8.0,34,0,4,11,2019
508,TB,HOU,HOU,28.0,0.0,,1.0,4.0,,run,3230.0,,0,10,2,2,2019
509,TB,HOU,TB,26.0,1.0,,0.0,4.0,,run,1608.0,,17,17,1,2,2019
510,TB,HOU,HOU,40.0,0.0,short,0.0,4.0,,pass,218.0,4.0,20,23,3,0,2019
511,NE,BUF,BUF,27.0,1.0,,0.0,4.0,,run,2211.0,,7,3,1,1,2019
512,NE,BUF,BUF,41.0,0.0,,0.0,4.0,,run,1836.0,,10,3,1,0,2019
513,NE,BUF,NE,30.0,1.0,,0.0,4.0,,run,188.0,,24,17,1,2,2019
514,NE,BUF,NE,15.0,0.0,short,0.0,4.0,,pass,72.0,15.0,24,17,15,0,2019
515,MIA,CIN,MIA,46.0,1.0,short,0.0,4.0,0.0,pass,1811.0,12.0,21,3,1,12,2019
516,MIA,CIN,MIA,34.0,1.0,deep,0.0,4.0,13.0,pass,1125.0,21.0,28,12,3,34,2019
517,MIA,CIN,MIA,3.0,1.0,short,0.0,4.0,1.0,pass,33.0,2.0,35,25,3,3,2019
518,NYJ,PIT,PIT,31.0,1.0,,0.0,4.0,,run,3383.0,,0,0,1,7,2019
519,NYJ,PIT,NYJ,44.0,0.0,deep,0.0,4.0,,pass,44.0,27.0,16,10,7,0,2019
520,IND,CAR,CAR,1.0,1.0,,0.0,4.0,,run,3270.0,,6,0,1,1,2019
521,IND,CAR,IND,5.0,0.0,,0.0,4.0,,pass,2799.0,,14,0,5,-9,2019
522,IND,CAR,IND,39.0,1.0,short,0.0,4.0,0.0,pass,2541.0,12.0,14,0,3,12,2019
523,IND,CAR,CAR,3.0,0.0,,0.0,4.0,,run,1845.0,,21,3,1,-1,2019
524,IND,CAR,IND,46.0,1.0,short,0.0,4.0,2.0,pass,947.0,10.0,24,6,10,12,2019
525,IND,CAR,IND,12.0,0.0,,0.0,4.0,,run,825.0,,24,6,1,0,2019
526,CLE,BAL,CLE,41.0,0.0,short,0.0,4.0,,pass,3136.0,9.0,0,0,3,0,2019
527,ATL,JAX,ATL,62.0,1.0,short,0.0,4.0,5.0,pass,2575.0,2.0,14,0,4,7,2019
528,ATL,JAX,ATL,48.0,1.0,short,0.0,4.0,0.0,pass,415.0,14.0,24,12,10,14,2019
529,ATL,JAX,ATL,28.0,1.0,deep,0.0,4.0,1.0,pass,345.0,22.0,24,12,4,23,2019
530,ATL,JAX,ATL,7.0,0.0,short,0.0,4.0,,pass,273.0,7.0,24,12,7,0,2019
531,TEN,NO,TEN,38.0,0.0,short,0.0,4.0,,pass,266.0,5.0,28,31,7,0,2019
532,TEN,NO,NO,41.0,0.0,deep,0.0,4.0,,pass,112.0,41.0,28,38,10,0,2019
533,LAC,OAK,LAC,42.0,1.0,short,0.0,4.0,8.0,pass,1863.0,2.0,7,7,2,10,2019
534,LAC,OAK,OAK,46.0,1.0,,0.0,4.0,,run,1089.0,,7,21,2,10,2019
535,DEN,DET,DET,51.0,1.0,short,0.0,4.0,9.0,pass,961.0,-3.0,13,17,1,6,2019
536,DEN,DET,DEN,73.0,0.0,short,0.0,4.0,,pass,115.0,10.0,27,17,10,0,2019
537,SEA,ARI,SEA,47.0,1.0,short,0.0,4.0,0.0,pass,1912.0,14.0,7,14,2,14,2019
538,SEA,ARI,ARI,65.0,0.0,deep,0.0,4.0,,pass,179.0,44.0,13,27,22,0,2019
539,PHI,DAL,DAL,33.0,0.0,short,0.0,4.0,,pass,2365.0,13.0,10,3,1,0,2019
540,PHI,DAL,PHI,54.0,1.0,deep,0.0,4.0,0.0,pass,553.0,17.0,17,6,9,17,2019
541,PHI,DAL,PHI,23.0,0.0,deep,0.0,4.0,,pass,81.0,23.0,17,9,8,0,2019
542,CHI,KC,KC,4.0,0.0,short,0.0,4.0,,pass,1173.0,4.0,0,17,4,0,2019
543,CHI,KC,KC,54.0,0.0,short,0.0,4.0,7.0,pass,471.0,4.0,3,23,23,11,2019
544,CHI,KC,KC,36.0,0.0,short,0.0,4.0,,pass,11.0,11.0,3,26,8,0,2019
545,MIN,GB,GB,42.0,0.0,deep,0.0,4.0,,pass,1962.0,27.0,10,6,4,0,2019
546,CIN,CLE,CIN,20.0,1.0,deep,0.0,4.0,0.0,pass,443.0,20.0,30,22,20,20,2019
547,NE,MIA,NE,45.0,0.0,deep,0.0,4.0,,pass,3351.0,30.0,0,0,3,0,2019
548,MIN,CHI,MIN,58.0,0.0,,0.0,4.0,,run,1087.0,,6,18,1,0,2019
549,MIN,CHI,MIN,51.0,1.0,deep,0.0,4.0,16.0,pass,156.0,16.0,19,18,9,32,2019
550,KC,LAC,KC,77.0,1.0,,0.0,4.0,,run,1545.0,,17,14,1,3,2019
551,KC,LAC,KC,5.0,0.0,,0.0,4.0,,run,933.0,,24,14,1,0,2019
552,KC,LAC,KC,77.0,1.0,,0.0,4.0,,run,644.0,,24,14,1,1,2019
553,KC,LAC,KC,68.0,0.0,deep,0.0,4.0,,pass,66.0,18.0,31,21,17,0,2019
554,DET,GB,DET,31.0,1.0,,0.0,4.0,,run,2991.0,,7,0,1,2,2019
555,DET,GB,GB,1.0,1.0,,0.0,4.0,,run,1997.0,,13,0,1,1,2019
556,DET,GB,DET,31.0,1.0,short,0.0,4.0,1.0,pass,357.0,2.0,20,13,1,3,2019
557,CAR,NO,NO,27.0,0.0,deep,0.0,4.0,,pass,518.0,22.0,10,42,2,0,2019
558,CAR,NO,NO,46.0,1.0,short,0.0,4.0,10.0,pass,198.0,2.0,10,42,2,12,2019
559,TB,ATL,TB,32.0,0.0,,0.0,4.0,,run,2743.0,,0,10,1,-1,2019
560,TB,ATL,ATL,2.0,1.0,short,0.0,4.0,1.0,pass,2427.0,1.0,6,10,2,2,2019
561,TB,ATL,TB,19.0,0.0,short,0.0,4.0,,pass,737.0,0.0,21,16,1,0,2019
562,TB,ATL,TB,63.0,1.0,short,0.0,4.0,3.0,pass,79.0,3.0,21,19,4,6,2019
563,NYG,PHI,NYG,38.0,0.0,short,0.0,4.0,,pass,3322.0,3.0,0,0,7,0,2019
564,NYG,PHI,NYG,26.0,1.0,,0.0,4.0,,run,1961.0,,3,3,1,2,2019
565,NYG,PHI,PHI,37.0,1.0,,0.0,4.0,,run,1529.0,,3,10,1,17,2019
566,NYG,PHI,PHI,38.0,0.0,short,0.0,4.0,,pass,1238.0,3.0,10,10,4,0,2019
567,NYG,PHI,PHI,61.0,0.0,,0.0,4.0,,run,480.0,,17,27,2,0,2019
568,NYG,PHI,PHI,13.0,1.0,short,0.0,4.0,4.0,pass,14.0,5.0,17,34,7,9,2019
569,HOU,TEN,TEN,2.0,1.0,,0.0,4.0,,run,3185.0,,0,0,1,1,2019
570,HOU,TEN,TEN,42.0,1.0,short,0.0,4.0,2.0,pass,1295.0,1.0,7,21,2,3,2019
571,HOU,TEN,TEN,30.0,0.0,short,0.0,4.0,,pass,210.0,15.0,14,28,7,0,2019
572,HOU,TEN,TEN,31.0,0.0,short,0.0,4.0,,pass,100.0,5.0,14,35,7,0,2019
573,DAL,WAS,WAS,27.0,1.0,,0.0,4.0,,run,3346.0,,0,0,1,2,2019
574,DAL,WAS,DAL,18.0,0.0,short,0.0,4.0,,pass,2694.0,7.0,6,0,4,0,2019
575,DAL,WAS,DAL,39.0,0.0,deep,0.0,4.0,,pass,2201.0,22.0,13,3,5,0,2019
576,DAL,WAS,DAL,51.0,0.0,short,0.0,4.0,,pass,823.0,3.0,37,16,2,0,2019
577,BAL,PIT,PIT,89.0,1.0,,0.0,4.0,,run,559.0,,19,10,1,2,2019
578,BAL,PIT,BAL,81.0,0.0,,0.0,4.0,,run,281.0,,25,10,10,0,2019
579,BAL,PIT,PIT,45.0,0.0,short,0.0,4.0,,pass,30.0,5.0,28,10,6,0,2019
580,JAX,IND,JAX,80.0,0.0,deep,0.0,4.0,,pass,256.0,50.0,38,20,10,0,2019
581,DEN,OAK,DEN,1.0,0.0,,0.0,4.0,,run,2054.0,,3,3,1,0,2019
582,DEN,OAK,DEN,73.0,0.0,deep,0.0,4.0,,pass,133.0,22.0,16,9,4,0,2019
583,DEN,OAK,DEN,45.0,1.0,short,0.0,4.0,0.0,pass,42.0,11.0,16,9,2,11,2019
584,LA,ARI,ARI,83.0,0.0,,0.0,4.0,,run,2985.0,,3,0,7,6,2019
585,SEA,SF,SF,31.0,0.0,,0.0,4.0,,run,1849.0,,0,13,1,0,2019
586,SEA,SF,SF,12.0,1.0,short,0.0,4.0,0.0,pass,42.0,11.0,21,26,10,11,2019
587,SEA,SF,SF,5.0,0.0,short,0.0,4.0,0.0,pass,12.0,4.0,21,26,5,4,2019
